"кистяковский_толкин_ВК2" "кистяковский_тэрбер_женщина в западне" "кистяковский_фицджеральд_бурный рейс" "муравьев кистяковский_толкин_ВК1" "муравьев_о генри_гипотетический казус" "муравьев_фицджеральд_алмазная гора" "каменкович каррик_толкин_ч1" "каменкович каррик_толкин_ч2" "каменкович каррик_толкин_ч3" "кистяковский_тиле_остров одинокой сороки" "королев_хоббит" "морозова_тиле_маяк молоткового мыса" "муравьев_тиле_штормик и мистер персиваль" "муравьев_толкин_ВК3" "муравьев_толкин_ВК4" "муравьев_толкин_ВК5" "муравьев_толкин_ВК6" "рахманова_хоббит"
"Р" 25.0177115036925 23.3883525381501 25.8410745669094 24.9674569835324 25.7521306088921 25.9733499895898 24.531302526441 25.3658932667519 24.8300308844956 25.6229601616329 24.1514943998913 25.392435949573 25.9450371057514 25.0359444510225 25.3724402125077 25.4667361990613 25.5163756704325 24.9509176740492
"С" 8.95153565821615 11.336032388664 9.44012051217675 9.78962147782243 8.79967142417086 10.0076341175654 10.1596372820287 9.69338042750137 9.79445630015375 9.66171061493032 9.40557916838811 9.99593330622204 8.76623376623377 9.49892025688301 9.64166916273864 9.39059822692394 9.72025235975938 9.4541383570105
"РЅР" 3.1665334761589 3.8928682653379 3.42078835048958 3.14004581601969 2.84423452099805 2.841973766396 3.26127244360546 3.28948703895418 3.28171998753286 3.28964409677252 3.0669013486669 2.89548596990647 2.67857142857143 3.21836747351387 3.40437942395914 3.2861506369664 3.24497481293099 3.00560310597371
"Рё" 2.68024643077778 2.36686390532544 2.28471001757469 3.19973169775069 2.18708286271691 2.95301547643834 2.93458491720755 2.84696425309055 2.99524429471951 2.54882660726312 3.10482022490987 2.50508336722245 3.95408163265306 3.30407032144206 3.05755679220595 3.33382999329509 3.28002477951126 3.44182917144622
"вЂ" 2.28974319736566 1.09000311429461 2.78056741149887 2.10435365874455 2.44378272923298 2.05427163578319 1.89504624481739 2.11111787751456 2.0199444347511 1.52825985598094 1.77086811588461 2.87108580723871 1.92486085343228 2.22714637708125 2.05098292686772 1.90419429337704 2.00192367258441 1.38368040236478
"СЂР" 2.07607161681941 1.9620056057303 1.96459954807934 1.81445080462253 2.30003080398398 1.86341869664793 1.83212226216028 1.88782656354668 1.92912522760725 2.33642438999119 1.8201060596628 1.82187881252542 2.09299628942486 1.81611100774145 1.75933662289345 2.05393727184683 1.78021225607669 1.93296126356658
"Рѕ" 1.58468365837485 1.77514792899408 1.4624654782827 2.09980616299362 1.40671526850806 1.71420639877854 2.06140691129442 1.98323285224205 1.71795938636638 1.16562192405326 2.20948198287425 1.58058831503321 1.35667903525046 1.55336411869844 1.67736036447906 1.4639052372793 1.79243898860469 1.99638224653666
"РІР" 1.53310775962231 1.24571784490813 1.59427567160432 1.51317921112317 1.39644727384742 1.49559303213269 1.4515614629395 1.49605180358484 1.46563410149382 1.66295394498265 1.57108657388804 1.33929781754101 1.22333024118738 1.61594975106706 1.37546702820299 1.53095433211652 1.5430136450335 1.50555898702903
"В" 1.70030435447945 0.249143568981626 0 1.68712092359639 0.698223636923709 0 0.206011395274667 0.0969287294724235 0.104539021687746 0.103610837693623 1.35262857045837 0.222312593195066 0.0405844155844156 1.90576069735054 1.72780729273407 1.59129851747001 1.64082750525749 0.123533045089561
"РѕР" 1.14600513491915 1.9308626596076 1.15490836053226 1.38528089312817 1.24242735393778 1.21104865014921 1.56965167696724 1.21541522034793 1.41493043904898 1.072372170129 1.43469181008868 0.932628439745154 0.968228200371058 1.2173187412958 1.31634953415415 1.11673992401103 1.18599305521592 1.40132798023471
"РёР" 1.25879199043295 0.996574275926503 1.07331157419031 1.12436832441835 1.60180716706027 1.25615934485391 1.20934722832786 1.13675578020015 1.10772589600082 1.1811635497073 1.51449123621196 1.06818489901044 1.1595547309833 1.09553048371364 1.10746772184825 1.07204052745288 1.09470011900686 1.57559781170034
"СЊ" 1.19758103367169 1.43257552164435 1.23650514687422 1.13289487895135 1.17055139131328 1.00631549725866 1.18133312645997 1.27428293039401 1.28712738400419 0.973941874320054 1.30339062668017 1.91405720482581 1.27551020408163 1.21111656151153 1.33290243248782 1.26722789242345 1.21289186677752 1.30150886790788
"СЃС" 1.10066368546637 1.30800373715353 1.18001506402209 1.13516862682681 1.19108738063456 1.09306683322923 1.18391904355546 1.1920711284331 1.24865225191369 1.05165000259027 1.17774897703927 1.27694184627898 1.11897031539889 1.14120108030695 1.13347941922974 1.25903300305446 1.13627100960206 1.39526162534192
"РґР" 1.00317956914288 1.02771722204921 0.97916143610344 1.14426361832868 1.25269534859842 1.0132556041363 1.11237533724669 1.09970972129184 1.10176075924261 0.896233746049837 1.00796296401102 1.05462925308391 0.74791280148423 1.10455183612713 1.08776189049864 1.08768531624823 1.10285127402553 1.06822994793965
"РѕС" 1.09046185933949 0.840859545312987 1.01054481546573 0.970321905855469 0.862511551493993 1.22839891734333 0.99428512321895 1.04439437305889 1.03659164015909 1.13971921462985 1.14662154131743 1.07902941575166 0.916048237476809 1.0312533477675 1.0846089574827 1.03330105043582 1.08573384848633 1.12779052325068
"СЃР" 1.06722436649494 0.934288383681096 0.866181270399197 1.00783874580067 1.00626347674299 0.992435283503366 1.21365709015369 1.23672939122668 1.10235727291843 1.05165000259027 0.928163537887749 0.769960688626813 0.771103896103896 0.952880348675271 0.90173884255829 0.981151754451315 0.904778207071942 0.952969204976617
"РёС" 0.920998192009703 0.716287760822174 0.696711021842832 0.937920998630067 0.913851524797207 0.787702130612811 1.00204287450544 0.829222743235288 0.906402530411013 0.808164534010257 1.04474993350048 0.775382946997424 0.544990723562152 0.921305615228043 0.847350748033358 0.921552559040453 0.776805073278884 0.870246183711286
"Рј" 0.852419249712365 0.622858922454064 0.696711021842832 0.908930713217865 1.03706746072492 0.787702130612811 0.81973571927284 0.857134157481274 0.851075886978554 0.787442366471533 0.865342713067297 0.683204554697031 0.666743970315399 0.959646362985391 0.932479939463686 0.926022498696268 0.812670155361015 0.823369804994264
"РІ" 0.799709814723502 1.09000311429461 0.790861159929701 0.786716764911523 0.841975562172708 0.961204802553959 0.89472731504228 0.878955808619045 0.894621385313535 0.948039164896648 0.882321314370122 0.786227463738647 0.788497217068646 0.686186617951364 0.715715794617943 0.836623705579975 0.767023687256484 0.93035824583076
"РєР" 0.658584553301708 1.21457489878543 0.966608084358524 0.795243319444523 1.02679946606428 0.95079464223749 0.821890650185755 0.757160546454743 0.762791862956948 0.823706159664301 0.879491547486318 1.23085265012878 1.0899814471243 0.742006236009856 0.836315482477575 0.729345153840423 0.751536492721019 0.95627812582723
"СЏ" 0.817846394504616 0.685144814699471 0.803414511674617 0.672460934169315 0.708491631584352 0.818932611562218 0.75336384715506 0.875403446805919 0.807083003386706 0.751178573278765 0.624812527943948 0.675071167141114 0.504406307977737 0.734112552648049 0.79532735327038 0.805334127989272 0.791477152312483 0.651305920762375
"СЃСЏ" 0.751534524679918 0.436001245717845 0.608837559628421 0.661660631760847 0.646883663620495 0.631549725865778 0.738279330764656 0.785579440959747 0.753098515724846 0.766720198932808 0.827423836824322 0.65880439202928 0.742115027829313 0.676037596486183 0.732268692951618 0.628026521641958 0.656167979002625 0.709763522456543
"Рє" 0.636480596693475 0.560573030208658 0.721817725332664 0.691787791110783 0.85224355683335 0.801582344368103 0.711989173627093 0.661246777500355 0.683157287234756 0.652748277469823 0.649148523144663 0.807916497221093 0.776901669758813 0.68900579058058 0.694433496760361 0.632496461297772 0.721377219151954 0.775390452660372
"РјР" 0.686922959209699 0.809716599190283 0.627667587245795 0.596858817310043 0.646883663620495 0.777291970296343 0.66673562445588 0.683575908897144 0.721483290906298 0.927316997357924 0.721590555370049 0.886539243594957 0.539192949907236 0.695771804890701 0.63846893572746 0.645161290322581 0.583622699336496 0.642482131827407
"РїР" 0.661418393892507 0.716287760822174 0.797137835802159 0.619027859095844 0.379915802443783 0.579498924283434 0.643893356778982 0.663784178795445 0.706868705848667 0.849608869087707 0.747058457324286 0.721160363291311 0.99721706864564 0.612888129591727 0.584869074456513 0.651121209863667 0.656167979002625 0.745058678196418
"СЃ" 0.574702871814055 0.404858299595142 0.621390911373337 0.521256700450771 0.626347674299209 0.659310153376362 0.475808745571617 0.601871587195258 0.595768033726883 0.383360099466404 0.541051428183346 0.515114545208079 0.423237476808905 0.734112552648049 0.543880945249318 0.700290546077628 0.592588969857029 0.759948822024177
"РЅРѕ" 0.521993436825192 0.685144814699471 0.571177504393673 0.482034549598968 0.359379813122497 0.437226733291693 0.444777740425642 0.447597588453809 0.401304575409022 0.50251256281407 0.44031172711992 0.406669377795852 0.429035250463822 0.408780031236433 0.459539987072975 0.388139760113238 0.406742635431441 0.398724962498897
"РІС" 0.459082175709452 0.809716599190283 0.671604318353 0.445086146622632 0.533935722353424 0.562148657089319 0.475808745571617 0.444045226640684 0.501668001366016 0.580220691084287 0.553502402472084 0.460891961501966 0.533395176252319 0.487716864854502 0.436681222707424 0.475303583401624 0.485808839112502 0.570237359922351
"РіРѕ" 0.414874262492986 0.498287137963251 0.414260607582224 0.51273014591777 0.472327754389568 0.541328336456381 0.499943971796264 0.513570022126139 0.502264515041838 0.678650986893229 0.477664649986134 0.409380506981158 0.446428571428571 0.483770023173599 0.592751406996358 0.508828130820234 0.507816957662901 0.538802611841525
"СѓС" 0.418841639320105 0.249143568981626 0.508410745669094 0.458160196906566 0.893315535475922 0.440696786730516 0.450380560799221 0.382132635040497 0.401006318571111 0.569859607314925 0.469175349334722 0.561203741358276 0.400046382189239 0.41329070744318 0.483975217946495 0.359830142293079 0.458094912049037 0.409203211859172
"Сѓ" 0.422809016147224 0.404858299595142 0.615114235500879 0.446791457529232 0.585275695656638 0.482337427996391 0.459431270633464 0.466374358037472 0.4722897028318 0.367818473812361 0.424465032570617 0.436491798834214 0.492810760667904 0.422312059856673 0.392540160484291 0.40378454890859 0.477657684093836 0.468212300361775
"СЊС" 0.573569335577735 0.124571784490813 0.106703489831785 0.428033037556631 0.123215935927713 0.131862030675272 0.443915768060476 0.55975072569677 0.340758437313123 0.18131896596384 0.39899713061638 0.135556459265284 0.185528756957328 0.376077628737518 0.24592877524317 0.367280041719437 0.318710161229846 0.455528103767758
"РЅС" 0.396737682711872 0.77857365306758 0.407983931709766 0.41439055030383 0.821439572851422 0.579498924283434 0.345650918431555 0.359803503643708 0.380724853593175 0.518054188468114 0.30957649708817 0.322624373051376 0.51600185528757 0.466291152872455 0.346034398499204 0.449973925352008 0.385549632382909 0.336958439954116
"РѕРЅ" 0.332692885359813 0.87200249143569 0.470750690434346 0.403021810926495 0.431255775746997 0.811992504684572 0.342634015153474 0.333922010433794 0.335389814230729 0.518054188468114 0.333912492288885 0.325335502236682 0.608766233766234 0.347322067919507 0.544669178503303 0.44252402592565 0.454019334539704 0.460491485043678
"СѓР" 0.37066634927652 0.311429461227032 0.571177504393673 0.41439055030383 0.338843823801212 0.378235824831702 0.393059398515684 0.359803503643708 0.382663523039595 0.383360099466404 0.359380394243122 0.441914057204826 0.336270871985158 0.377769132315048 0.433528289691485 0.38441481040006 0.444237948517305 0.362878319950587
"РіР" 0.363865131858603 0.404858299595142 0.338940497112729 0.312071895907822 0.236163877194784 0.319244916371712 0.312895968555248 0.377565312709336 0.350899169802092 0.217582759156608 0.30957649708817 0.417513894537075 0.26669758812616 0.361417931065591 0.399634259770151 0.314385755792297 0.332567124761579 0.338612900379423
"РёСЃСЊ" 0.327591972296374 0.124571784490813 0.295003766005523 0.364368097043559 0.133483930588356 0.274134221667014 0.335738236232146 0.307025556705844 0.35746082023613 0.352276848158317 0.504264458693893 0.2385793683069 0.405844155844156 0.398631009771252 0.346034398499204 0.334500484243463 0.395331018405308 0.432917144621901
"СЃРєР" 0.269781624244073 0.186857676736219 0.338940497112729 0.310366585001222 0.318307834479926 0.30536470261642 0.207735340004999 0.240038162515478 0.219666161121326 0.160596798425115 0.193556054852201 0.178934526230175 0.487012987012987 0.410471534813963 0.47609288540665 0.394099679654325 0.430380984985572 0.242102708903203
"РјРё" 0.27941668225279 0.155714730613516 0.200853627918654 0.275691929900353 0.277235855837355 0.357415504198765 0.278417073948609 0.238008241479406 0.285431793880664 0.36263793192768 0.331082725405081 0.187067913786092 0.371057513914657 0.290374780809328 0.267211073100752 0.237651791700812 0.25513115208425 0.293942468896144
"РІСЃР" 0.214238348664411 0.218000622858922 0.225960331408486 0.322303761347423 0.287503850497998 0.385175931709348 0.3318593605889 0.301443273856647 0.338372382609837 0.207221675387246 0.315236030855778 0.309068727124848 0.255102040816327 0.283608766499208 0.256175807544969 0.295761007226402 0.350499665802644 0.319310862084179
"РїРѕР" 0.251645044462959 0.404858299595142 0.282450414260608 0.270575997180553 0.308039839819283 0.315774862932889 0.3318593605889 0.272516899092625 0.313617065063238 0.404082267005129 0.286372408640976 0.292801952013013 0.237708719851577 0.281917262921678 0.275093405640597 0.330775534530284 0.330121778255979 0.276846377834642
"СЂС" 0.232374928445525 0.560573030208658 0.320110469495355 0.282513173526753 0.256699866516069 0.30536470261642 0.23962831751614 0.235470840184317 0.299002480005607 0.424804434543853 0.279015014743085 0.322624373051376 0.400046382189239 0.277406586714931 0.356281430801003 0.295761007226402 0.304038082196247 0.322068296126357
"РїСЂР" 0.277149609780151 0.342572407349735 0.251067034898318 0.223964165733483 0.308039839819283 0.263724061350545 0.284881866687354 0.295353510748432 0.27320326352632 0.155416256540434 0.258640693179696 0.181645655415481 0.0695732838589982 0.223842306759812 0.216764144845743 0.260001489979885 0.219266070002119 0.253132445071914
"СЌС" 0.234075232800005 0.311429461227032 0.219683655536028 0.260344131740952 0.36964780778314 0.298424595738774 0.358580503909045 0.40090940462416 0.346574445652385 0.212402217271927 0.228645164211372 0.181645655415481 0.173933209647495 0.25203403305198 0.271152239370675 0.248081650897713 0.248610228069317 0.231072972734492
"РїРѕС" 0.242576754572402 0.186857676736219 0.282450414260608 0.237606652986284 0.0821439572851422 0.2116732597682 0.214631118926327 0.2151716298236 0.208034144442804 0.2745687198881 0.259772599933217 0.206045818083232 0.214517625231911 0.186065393528307 0.233317043179418 0.199657304626388 0.232307918031985 0.225558104650137
"РѕРј" 0.236909073390804 0.311429461227032 0.21340697966357 0.237038216017417 0.123215935927713 0.239433687278784 0.215924077474076 0.224306274485922 0.196849513021148 0.238304926695332 0.202045355503614 0.21960146400976 0.26669758812616 0.206927270984511 0.206517112543944 0.20636221411011 0.200518413459187 0.243205682520074
"РќР" 0.224440174791288 0.124571784490813 0.24479035902586 0.251817577207951 0.133483930588356 0.183912832257617 0.267642419384035 0.246635405882711 0.31421357873906 0.165777340309796 0.224683490574047 0.303646468754236 0.736317254174397 0.229480652018246 0.267211073100752 0.248826640840349 0.246979997065584 0.206256066354893
"РІРѕР" 0.266947783653274 0.155714730613516 0.21340697966357 0.203500434854281 0.225895882534141 0.190852939135263 0.209459284735331 0.273024379351643 0.293484728504257 0.357457390042998 0.228079210834611 0.227734851565677 0.23191094619666 0.303342974903725 0.217552378099727 0.344930343440364 0.251055574574917 0.254235418688785
"РЅРёР" 0.236909073390804 0.311429461227032 0.251067034898318 0.187015762757147 0.266967861176712 0.232493580401138 0.297811452164844 0.23953068225646 0.241886295545683 0.18131896596384 0.221287770313482 0.197912430527315 0.121753246753247 0.235682831802523 0.187599514448316 0.196677344855844 0.201333528961054 0.263059207623754
"РґРѕР" 0.244277058926881 0.0622858922454064 0.156916896811449 0.185878888819413 0.338843823801212 0.156152404747033 0.196098713075259 0.207559425938331 0.205349832901607 0.165777340309796 0.233172791225459 0.157245492747729 0.127551020408163 0.180427048269874 0.153705484526981 0.191462415257394 0.176880063905055 0.201844171887408
"РЅРёС" 0.281116986607269 0.155714730613516 0.175746924428823 0.14665673796761 0.154019919909642 0.2116732597682 0.152138122451794 0.166453524957879 0.15643571148423 0.0932497539242605 0.150543598218379 0.143689846821201 0.150742115027829 0.16633118512379 0.17971718190847 0.151232958355062 0.144275443830391 0.173718344657196
"СЃСЊ" 0.180799029692982 0.155714730613516 0.345217172985187 0.203500434854281 0.277235855837355 0.319244916371712 0.188340961788765 0.215679110082618 0.203112906617275 0.202041133502564 0.159032898869791 0.441914057204826 0.173933209647495 0.187756897105837 0.225434710639572 0.188482455486851 0.237198611043185 0.176475778699374
"РїРѕ" 0.178531957220342 0.280286515104329 0.200853627918654 0.216574485138215 0.266967861176712 0.222083420084669 0.196529699257842 0.183707853764489 0.160163921958116 0.108791379578304 0.198083681866288 0.233157109936288 0.150742115027829 0.193395242364271 0.171834849368625 0.15868285778142 0.178510294908789 0.192468896144004
"РјСѓ" 0.206870363128333 0.218000622858922 0.18202360030128 0.188721073663747 0.143751925248999 0.218613366645846 0.160326859920871 0.155288959259485 0.167322086067976 0.284929803657463 0.170917919781768 0.159956621933035 0.208719851576994 0.157309832710296 0.173411315876594 0.179542576175222 0.157317291860257 0.159931174446307
"РјРѕР" 0.206303595010173 0.218000622858922 0.282450414260608 0.171667964597746 0.225895882534141 0.222083420084669 0.197391671623008 0.23953068225646 0.230105150448205 0.176138424079159 0.174879593419094 0.157245492747729 0.127551020408163 0.209182609087885 0.182081881670424 0.233181852044997 0.176880063905055 0.153313332745081
"РЅРЅС" 0.192134392056178 0.155714730613516 0.169470248556365 0.13813018343461 0.626347674299209 0.232493580401138 0.145242343530466 0.157318880295556 0.160313050377071 0.207221675387246 0.135828810422597 0.0840450047444761 0.139146567717996 0.16463968154626 0.160799583812842 0.160917827609327 0.135309173309858 0.166549016147534
"СЊСЃСЏ" 0.208570667482813 0.0934288383681096 0.18202360030128 0.154614855531744 0.102679946606428 0.18738288569644 0.241783248429055 0.209589346974403 0.201770750846677 0.145055172771072 0.258074739802935 0.151823234377118 0.0927643784786642 0.158437501761983 0.191540680718238 0.174327646576771 0.174434717399456 0.205704579546457
"Рђ" 0.172297507920584 0.124571784490813 0.131810193321617 0.196110754259014 0.18482390389157 0.128391977236449 0.108608518010913 0.0984511702494773 0.109012874256408 0.155416256540434 0.148845738088096 0.13826758845059 0.191326530612245 0.17478870301144 0.137940819447291 0.154957908068241 0.175249832901322 0.0904438365834289
"РґС" 0.21593865301889 0.186857676736219 0.112980165704243 0.126193007088409 0.0616079679638567 0.197793046012909 0.134898675148475 0.169498406511987 0.166278187135288 0.150235714655753 0.154505271855705 0.173512267859564 0.13334879406308 0.152235321977706 0.131634953415415 0.134843179617075 0.152426598849057 0.155519279978823
"РјС" 0.210270971837292 0.155714730613516 0.169470248556365 0.134151124652543 0.112947941267071 0.135332084114095 0.165498694111867 0.225828715262976 0.206841117091161 0.108791379578304 0.164126479260639 0.168090009488952 0.121753246753247 0.208618774562042 0.206517112543944 0.167622737093049 0.135309173309858 0.152761845936645
"РѕРЅРё" 0.139991725185475 0.0622858922454064 0.163193572683907 0.205205745760881 0.0410719786425711 0.156152404747033 0.152138122451794 0.119257860869212 0.131829522356587 0.165777340309796 0.154505271855705 0.127423071709367 0.255102040816327 0.195650580467644 0.156858417542919 0.131118229903896 0.159762638365856 0.235484867201977
"РѕСЃСЊ" 0.170597203566105 0.0622858922454064 0.188300276173738 0.155751729469478 0.102679946606428 0.163092511624679 0.224112814943153 0.197409820757973 0.196998641440103 0.217582759156608 0.228079210834611 0.143689846821201 0.110157699443414 0.15787366723614 0.16395251682878 0.15346792818297 0.180140525912522 0.195226330186182
"РєРѕР" 0.146226174485233 0.186857676736219 0.119256841576701 0.172804838535479 0.102679946606428 0.215143313207023 0.18618603087585 0.155288959259485 0.152409244172434 0.0880692120395793 0.217326096676156 0.222312593195066 0.13334879406308 0.157309832710296 0.162376050320811 0.147508008641883 0.183400987919988 0.215079855289861
"СЊР" 0.139424957067315 0.0934288383681096 0.0502134069796636 0.209184804542948 0.0410719786425711 0.0971614962870428 0.254281847723962 0.146154314597162 0.0955913165504211 0.103610837693623 0.430690519714986 0.0894672631150874 0.144944341372913 0.0789368336180698 0.0922232907161887 0.0789689339193921 0.102704553235193 0.458837024618371
"Рґ" 0.174564580393224 0.0622858922454064 0.163193572683907 0.151772670687411 0.0616079679638567 0.117981816919981 0.1443803711653 0.191320057649757 0.195954742507415 0.238304926695332 0.136394763799358 0.0894672631150874 0.179730983302412 0.17140569585638 0.173411315876594 0.200402294569023 0.187476565429321 0.15221035912821
"РґРѕ" 0.147926478839712 0.186857676736219 0.144363545066533 0.168257342784545 0.112947941267071 0.145742244430564 0.159033901373122 0.129407466049571 0.136750760182116 0.191680049733202 0.127905463147946 0.0786227463738647 0.0753710575139147 0.144341638615899 0.171046616114641 0.14452804887134 0.170359139890122 0.127944939557046
"СЏР" 0.151327087548671 0.249143568981626 0.125533517449159 0.167120468846812 0.102679946606428 0.117981816919981 0.156016998095041 0.131437387085642 0.128399568720612 0.139874630886391 0.108097094961317 0.203334688897926 0.202922077922078 0.1612566743912 0.135576119685337 0.163152797437235 0.150796367845324 0.127944939557046
"РЅ" 0.175131348511384 0.186857676736219 0.514687421541552 0.0954974107696068 0.092411951945785 0.156152404747033 0.123262048218734 0.180155491951363 0.234280746178957 0.0569859607314925 0.106965188207795 0.0948895214856988 0.197124304267161 0.24526801874186 0.110352655557833 0.247336660955077 0.136124288811725 0.144489543810112
"СЊРєРѕ" 0.119021304813562 0.186857676736219 0.207130303791112 0.156888603407211 0.164287914570284 0.149212297869387 0.166791652659616 0.168990926252969 0.172541580731415 0.22794384292597 0.139790484059923 0.206045818083232 0.150742115027829 0.116149912323731 0.130058486907446 0.0834388735752067 0.132048711302392 0.13732021530045
"РѕСЃС" 0.136024348358356 0.0311429461227032 0.119256841576701 0.143814553123277 0.092411951945785 0.156152404747033 0.186617017058433 0.20045470231208 0.196700384602192 0.383360099466404 0.165824339390921 0.170801138674258 0.144944341372913 0.155618329132766 0.147399618495105 0.125903300305446 0.138569635317324 0.169306450189711
"СЋС" 0.159828609321068 0.249143568981626 0.27617373838815 0.102318654396007 0.164287914570284 0.100631549725866 0.148259246808547 0.130929906826624 0.127653926625835 0.18131896596384 0.143752157697249 0.0867561339297818 0.0927643784786642 0.107692394436081 0.0867056579382971 0.0886538031736572 0.0872173586997278 0.175924291890938
"РёСЃС" 0.143392333894434 0.124571784490813 0.0376600552347477 0.13471956162141 0.0616079679638567 0.135332084114095 0.117659227845155 0.124332663459391 0.0742659526397967 0.119152463347666 0.0803653795000368 0.059644842076725 0.0521799628942486 0.140958631460839 0.100893856510018 0.129628250018625 0.105149899740793 0.0678328774375717
"РЅСЊ" 0.110519783041164 0.0311429461227032 0.150640220938991 0.150067359780811 0.0821439572851422 0.114511763481158 0.112056407471576 0.0999736110265311 0.116469295204179 0.155416256540434 0.103569467947231 0.0976006506710045 0.156539888682746 0.17986321374403 0.124540854129554 0.132608209789168 0.150796367845324 0.127944939557046
"СЌРЅРґР" 0.1847664065201 0 0 0.109708334991274 0 0 0.0831803332385164 0.156811400036539 0.106328562715211 0 0.120548069250055 0 0 0.182118551847404 0.0157646650796904 0.164642777322506 0.0749906261717285 0.11140033530398
"РЅРё" 0.122421913522521 0.0622858922454064 0.112980165704243 0.123350822244075 0.092411951945785 0.173502671941148 0.17756630722419 0.158333840813592 0.187156165789046 0.129513547117028 0.160730759000074 0.108445167412227 0.150742115027829 0.179299379218187 0.202575946274021 0.189972435372122 0.185031218923721 0.134562781258272
"РЅРЅРѕ" 0.15586123249395 0.249143568981626 0.150640220938991 0.0881077301743396 0.112947941267071 0.083281282531751 0.128002896227147 0.0847492032559933 0.0945474176177332 0.186499507848521 0.076403705862711 0.111156296597533 0.0637755102040816 0.0558196180584922 0.0559645610329009 0.0476793563286896 0.0374953130858643 0.0954072178593488
"РєРё" 0.0855819858421324 0.0934288383681096 0.112980165704243 0.145519864029877 0.0616079679638567 0.149212297869387 0.13274374423556 0.087286604551083 0.0969334723210198 0.207221675387246 0.135828810422597 0.157245492747729 0.220315398886827 0.117841415901261 0.138729052701275 0.0998286523131938 0.105149899740793 0.16324009529692
"РјРЅР" 0.132623739649397 0.155714730613516 0.125533517449159 0.105160839240341 0.0821439572851422 0.083281282531751 0.10817753182833 0.125855104236445 0.113337598406115 0.0259027094234057 0.0713101254718636 0.0460891961501966 0.0289888682745826 0.102617883703491 0.110352655557833 0.102063622141101 0.0839568966922613 0.072244771905056
"СЃРѕР" 0.113353623631963 0.186857676736219 0.100426813959327 0.115961141648808 0.112947941267071 0.124921923797626 0.140932481704637 0.115198018797069 0.121390533029708 0.129513547117028 0.127339509771185 0.103022909041616 0.208719851576994 0.0919050277124669 0.0890703577002507 0.0879088132310214 0.10107432223146 0.126841965940175
"РЇ" 0.119588072931721 0.0622858922454064 0.21340697966357 0.0926552259252733 0.246431871855427 0.104101603164689 0.0995578081766699 0.163408643403772 0.114083240500893 0.0207221675387246 0.0628208248204513 0.0352446794089738 0.023191094619666 0.0964157039192138 0.0677880598426686 0.0819488936899352 0.0733603951679953 0.0827230212653313
"РћРЅ" 0.077647232187895 0.155714730613516 0.156916896811449 0.135856435559143 0.143751925248999 0.142272190991741 0.0995578081766699 0.100988571544567 0.109012874256408 0.176138424079159 0.0911184936584924 0.103022909041616 0.284090909090909 0.104873221806864 0.17971718190847 0.123668330477539 0.135309173309858 0.146144004235419
"РѕРІР" 0.108819478686685 0.0934288383681096 0.175746924428823 0.0920867889564066 0.18482390389157 0.194322992574086 0.117659227845155 0.111645656983943 0.141522869588689 0.0880692120395793 0.110926861845121 0.116578554968144 0.0869666048237477 0.107692394436081 0.110352655557833 0.102063622141101 0.099444091227727 0.110297361687108
"СЃРІР" 0.106552406214046 0 0.0753201104694954 0.118234889524275 0.0308039839819283 0.142272190991741 0.117228241662572 0.123317702941356 0.105732049039389 0.0518054188468114 0.108097094961317 0.130134200894673 0.0753710575139147 0.104873221806864 0.148976085003074 0.0856738434031141 0.131233595800525 0.114157769346157
"РіРѕР" 0.124122217877 0.155714730613516 0.100426813959327 0.101181780458274 0.0718759626244994 0.0902213894093969 0.108608518010913 0.159348801331628 0.181936671125606 0.129513547117028 0.209402749401504 0.103022909041616 0.168135435992579 0.208618774562042 0.16395251682878 0.126648290248082 0.129603364796792 0.236587840818848
"РїСѓС" 0.147926478839712 0 0.0439367311072056 0.0966342847073402 0.0205359893212856 0.0381705878270525 0.0797324437778525 0.108093295170818 0.0709851274227776 0.036263793192768 0.0786675193697543 0.0433780669648909 0.0405844155844156 0.0699154812045761 0.0811880251604055 0.0618341652387693 0.0709150486623955 0.0733477455219271
"РёРІР" 0.0957838119690091 0.249143568981626 0.112980165704243 0.118234889524275 0.102679946606428 0.117981816919981 0.133605716600726 0.121795262164302 0.110056773189096 0.248666010464695 0.120548069250055 0.222312593195066 0.168135435992579 0.108256228961924 0.113505588573771 0.099083662370558 0.123082440781859 0.102576546369011
"РїСЂРѕС" 0.111086551159324 0.0934288383681096 0.131810193321617 0.104023965302607 0.0718759626244994 0.111041710042335 0.104298656185083 0.113168097760997 0.11124980054074 0.0828886701548982 0.122811882757098 0.075911617188559 0.0289888682745826 0.0744261574113229 0.126117320637523 0.082693883632571 0.11085570825386 0.0948557310509133
"СЋ" 0.111086551159324 0.0311429461227032 0.0690434345970374 0.101750217427141 0.174555909230927 0.114511763481158 0.110763448923828 0.12230274242332 0.123180074057173 0.0414443350774491 0.0848930065141234 0.135556459265284 0.121753246753247 0.107692394436081 0.11508205508174 0.113238471280638 0.113301054759459 0.105885467219624
"РєРѕ" 0.137724652712836 0 0.0690434345970374 0.0875392932054729 0.0308039839819283 0.0555208550211673 0.096540904898589 0.0827192822199216 0.0766520073430833 0.155416256540434 0.0809313328767976 0.059644842076725 0.0405844155844156 0.116713746849575 0.119811454605647 0.0968486925426507 0.100259206729594 0.0827230212653313
"РІРёР" 0.105418869977726 0.124571784490813 0.106703489831785 0.0954974107696068 0.112947941267071 0.138802137552918 0.11981415875807 0.0959137689543877 0.0967843439020644 0.0777081282702171 0.119982115873294 0.0921783923003931 0.0579777365491651 0.102054049177647 0.0882821244462661 0.108023541682187 0.0847720121941279 0.125187505514868
"СЂСЊ" 0.0940835076145297 0.0934288383681096 0.100426813959327 0.116529578617675 0.102679946606428 0.086751335970574 0.0986958358115039 0.0969287294724235 0.107223333228943 0.0725275863855359 0.0945142139190573 0.203334688897926 0.0985621521335807 0.0868305169798767 0.108776189049864 0.157192877896148 0.198073066953587 0.131253860407659
"РІСЂР" 0.132623739649397 0.0311429461227032 0.0690434345970374 0.0801496126102057 0.123215935927713 0.0694010687764592 0.118521200210321 0.125855104236445 0.145847593738396 0.129513547117028 0.119982115873294 0.0704893588179477 0.0811688311688312 0.108820063487768 0.110352655557833 0.146018028756612 0.0953685137183939 0.146144004235419
"РљРѕР" 0.128089594704119 0 0 0.104023965302607 0.0102679946606428 0.00694010687764592 0.0741296234042737 0.119257860869212 0.029825683791083 0.00518054188468114 0.0113190675352164 0.0108445167412227 0.00579777365491651 0.0225533810337342 0.0362587296832879 0.0171347686806228 0.0546127386250632 0.00551486808435542
"РќРѕ" 0.141125261421794 0.0311429461227032 0.0313833793622897 0.0767389907970055 0.0513399733032139 0.0555208550211673 0.153862067182126 0.210096827233421 0.188498321559645 0.160596798425115 0.0967780274261006 0.0948895214856988 0.127551020408163 0.123479761159695 0.133999653177368 0.135588169559711 0.102704553235193 0.130150886790788
"РЅРѕР" 0.0963505800871689 0.186857676736219 0.0753201104694954 0.0926552259252733 0.123215935927713 0.156152404747033 0.0814563885081844 0.0883015650691188 0.0776959062757712 0.108791379578304 0.0826291930070801 0.0867561339297818 0.0869666048237477 0.107692394436081 0.0843409581763435 0.0886538031736572 0.0961836292202605 0.0882378893496868
"СѓРґР" 0.0923832032600502 0.186857676736219 0.0753201104694954 0.106866150146941 0.102679946606428 0.100631549725866 0.118952186392904 0.13701966993484 0.156286583065275 0.0932497539242605 0.139224530683162 0.154534363562424 0.150742115027829 0.122915926633851 0.124540854129554 0.161662817551963 0.143460328328524 0.12739345274861
"РєРѕС" 0.0997511887961278 0.342572407349735 0.150640220938991 0.0778758647347389 0.195091898552213 0.135332084114095 0.120245144940653 0.123825183200374 0.138689429628536 0.124333005232347 0.181105080563463 0.0433780669648909 0.0869666048237477 0.0389045822831915 0.080399791906421 0.0782239439767563 0.088847589703461 0.161034148063178
"СЂ" 0.112220087395644 0 0.150640220938991 0.0710546211083384 0.225895882534141 0.117981816919981 0.0788704714126865 0.0756145585936707 0.103495122755058 0.155416256540434 0.0633867781972121 0.143689846821201 0.585575139146568 0.146596976719272 0.039411662699226 0.141548089100797 0.092923167212794 0.111951822112415
"РґРІР" 0.0872822901966119 0.218000622858922 0.163193572683907 0.0903814780498065 0.143751925248999 0.124921923797626 0.0754225819520226 0.0659724336723301 0.0599496244200769 0.103610837693623 0.125641649640903 0.154534363562424 0.0927643784786642 0.0654048049978292 0.0685762930966532 0.0715190344930343 0.104334784238927 0.126841965940175
"РЎР" 0.144525870130753 0 0.0188300276173738 0.065938688388538 0.0308039839819283 0.0659310153376362 0.0995578081766699 0.150721636928323 0.120644890934931 0.0155416256540434 0.0418805498803009 0.0732004880032534 0.0347866419294991 0.202980429303608 0.062270427064777 0.0871638232883856 0.0937382827146607 0.0534942204182476
